4018634682803
3837671219365
3660433663882
3834305337085
3895315702678
3579442841065
3944629778830
3595568345941
3845966066797
3643148813363
3865515814040
3666246661677
3915272204979
3649317347604
3946810820865
3864931231726
3963086904124
3864478704720
4020640385156
3677950947225
3832164441458
3970066200613
4021035271905
3594112896519
3780249048186
3904698494254
3867477418013
3704906082802
3758476692715
3997896627623
4020258421504
3970229346575
4000669326464
3904666963079
3828775950124
4008855376089
3957397582425
3736191724886
4006976365433
3832246098756
3794324546387
3901411970800
3828113152659
3823036685618
3813138169957
3831780274430
4003213060269
3648051941313
3825336728513
3994583708106
3625054983775
3963507033793
3827244300244
4029471375177
3973944618267
3903617166527
3588152905687
3864600243668
3773495249977
3651659661505
3646750513241
3654130595894
3708209908747
3710935458832
3622192918540
3598104183328
3928875949183
3629536775404
3808513615501
3769367233503
3700755748555
3860886555743
3976532446468
3931318720910
3734123924725
3581853223504
3571502951961
3769641134447
3571317459208
3848101808248
3823108068357
3672677233294
4010868661938
3989786956273
3704066097763
3846943217085
3993001892229
3993015669619
3679892769469
3793683388191
3845878129849
3581775167561
3733555139079
3923858831562
3777981796779
3861471959903
3957462415264
3795445769690
3801622078139
3654598858384
3911772241025
3823476139585
3931857746997
3857553472958
3964070979933
3721929194593
3749812346662
3719744857930
3971141515433
4019478013614
4024919397950
4022884554081
3699774610601
3563686159884
3990801708652
3980379635384
3924408556180
3692000526745
3750439162571
3674781326493
3608587163461
3797492094507
3784607084226
3584072538342
3946454606438
4031490426040
3862049312798
3705002764687
3647907164146
3731256679847
3893062982887
3835435285065
3832042900710
3736906544074
3694716641152
3828981058491
3832111715794
3968464142122
3913285395569
3975828561257
3928578163100
3831137034944
3904026083173
3778825868643
3602961115035
3573239614171
3595264295438
3807218739504
3761296013307
3701850313139
3713883236504
3950666573033
3909326542635
3582943536134
3740043296631
3868311965745
3603194325861
3945155424438
3804988877858
3577593633726
3776601522828
3905296282115
4014528572393
4031760566286
3970034237883
3825434203968
3747218782178
3923923612036
3904268900536
4025715169012
3584356032063
3668233485184
3871963480647
3824484736403
3722462858253
3869321209981
3614001967193
3609349725014
3810397224211
3800568526500
4007556316801
3630229870650
3863635700310
3693223774579
3729024542799
3690297912168
3668164473092
3623748805468
3691114913578
3972695314315
3585427375436
3780673345125
3980684988491
3655387528216
3947803144044
3963431046070
3731865278324
3926849311940
3823385904306
3562337049782
4004996738092
3990035826650
3695109884223
3967534318863
3616524549918
3910920243286
3890458660932
3907886413509
3571852378702
3564210610226
3771697295299
3964303733349
3942772492536
3808053518292
3954093060963
3822116872096
3638798988639
4010496430375
3801532203329
3861244451961
3622404085548
3607936804923
3980526025621
3870900048681
3803240991573
3859665563484
3570897986825
3917163542695
3563658980422
3968121063866
3640581568334
3755576701573
3669751363892
3855290270092
3628099638452
4005359808472
3618688641647
4017360839981
3618678745329
3721900366746
3946541296460
3719441742111
3884147508202
3575561247468
3634993997148
3818560032319
3602546284648
3587423831792
3929237137235
3812797697633
3956472537967
3940486427404
3655496033006
3905590155915
3611438310261
3712557268171
4021891284172
3674077102820
3992018829214
3691132445793
3776012099836
3678583704147
3820536666711
3716693395907
3569598513797
3961747686879
3770170113741
4013382522383
3654195530445
3574627334354
3792724234031
3659850303802
3793928673185
3858586716016
3767219256722
3572592020801
3953106174444
3829375245076
3848720176382
3800753049908
3646480028914
3823145710286
3887417831375
3757628747124
3853302922957
3600629872854
3644118440896
3628176619441
3980114125110
3611776327198
3853330295756
4028778371083
3693286172528
3912098827131
3626807820604
3876997153983
3725894768441
3580457959432
3776028171499
3817662196444
3759571358725
3626343740898
4013447976297
3844419868572
3648180283879
3994276886055
3683924923059
3632531086719
4012727948852
4019149818575
3862678187343
3671952005067
3750201426287
3805998098008
3797478985675
3869035621216
3940523043339
3973837536985
3772683177469
3670105367740
3976969486700
3855368781334
3803166531061
3600950163400
3754247265438
3972372595131
3717391324066
3850109139117
3700504198093
3968547319333
3693231866192
3728762143767
3961833757057
3643030252834
3929973835807
3858538868896
3591078039082
3597844184417
3888238676704
3793475290988
3578029724827
3796047787699
3770041257184
3760821350893
3663420648455
3786331827797
4018256311210
3712686269119
3810432188340
3826016992257
3928735175726
3705446328807
3665058250059
3678975615769
3598155128243
3924734539091
3894727620131
3731106385921
3634588742661
3765827232898
3614834357954
3660888674808
3956400706171
3817757670803
4010388263567
3696574178085
3665926485058
3831605483918
3844269671538
3642287819528
3618381484485
3584607262549
3626736505561
3768472223138
3853235538154
4001566748176
3997727800139
3562579172205
3596234351215
3772871274269
3837788389972
3680163651071
3607534479386
3650937635478
3856352365886
3966220763584
3748593961223
3945302413480
3659470071182
3601073146512
3613941598114
3933739125521
3916033110791
3998422384879
3902418212917
3926027102782
3886238933495
3831624816328
3834329059803
3693340236893
3796648443900
3865183629358
3937324520684
4026530862906
3854194692756
3612268064711
3872933571408
3623777876346
3961656124785
3882677518287
4010121859798
3652377369992
3946771175578
3698829154635
3735263795139
3671057275757
3759954394393
3831686520869
3957247252227
3641120562126
3940869488117
3629158908739
4001376312141
3984898135915
3742842218793
3969194645797
3616450377559
3811306584728
4014912265599
3805715288376
3913890827587
3785287920235
3669512114734
3693367775063
3639437551641
3612192843616
3714536756196
3563276879478
3689381926483
3818551635679
3567029643500
3801392907963
3598505136549
3660027245384
3875785601627
3800777254039
3771526416132
3697721258760
3834422399625
3778279053726
3814276044257
3848193711315
3615017730970
3862509569328
3592474747930
3847704818436
3663680018098
3936784417224
3671479760992
3777543261520
3668779559432
3577368913450
3982582689677
3868146762710
3728477166405
3693132267913
3945033830395
3928749764018
3591883557561
3771841974449
3977813721073
3689796328198
3798119483618
3915661063779
3954252951543
3842929833058
3709239112495
4009320455888
3823547153628
3601808212567
3932448108800
3933161827934
3577394861779
3809177986083
3955704930373
3750720317649
3781010816343
3598603977370
3955081468125
3801577681947
3567809741711
3889493580234
3992005425006
3605283698360
3740375909121
3745036716215
3778840635252
3963451501148
3716844356003
3936744494074
3895763230486
3645110075053
3846302681781
3631638814486
3590986939785
3897505366478
3592055357847
3809441591853
3760592771819
3583861608785
3643084838152
3945525899061
3997064564247
3946398590276
3694071617409
3684061061581
4030121086472
3999719404305
3818535163110
3600233004736
3716494823171
3742762447554
3743981972430
3619296351648
3663409681893
3946097495842
3650222263948
3784250629011
3661029523478
3933317185080
3968192363038
3827250105790
3811432498047
3787113800514
3904747774416
3940263053931
3838980528473
3744842893014
3702383861733
3831242307607
3568849643528
3689123363624
3954794339529
3826298030049
3994313184491
3985244526513
3942991942733
3731944262422
3795878418819
3842664333391
3931999362920
3704573790788
4008246671168
3679894822643
3805063645012
4006596028959
3875858605425
4006368709811
3564776902935
4010936850603
3661525019453
4023819004072
3963973551721
3788051925762
3617089221817
4024491119083
3910121336537
4028503583308
3824944639502
3584970846463
3743943875813
3884972045577
3566905749587
3897178100197
4018949008489
3967005985557
3773720248369
3563886783679
3776387856178
3652973767324
3700045821324
3578700816442
3660121611086
3992773874767
3726077277508
3832339020040
3583564925852
3758231072978
3847916082228
3965035164148
3659379296456
3921007258606
3980066302797
3693052656251
3954805405487
3741445807333
3687853907937
3710524375047
3849622044985
3616979617915
3844913551852
3644863574444
3861809084004
3987375583783
3772657290166
3785997812485
3883148951452
3737738621168
3696046519068
3682325728803
3885764501134
3771397817045
3956871954423
3701383991356
4020711638276
3826128505420
3595899984638
3767195039546
3561898119978
3570026614416
3626711940580
3865512828270
3816625645532
3831929552791
3932341948144
3620169907867
3952415921424
3603955739005
3571252084597
3717869412063
3998307539129
3829959070416
3591428512565
3892646210206
3903379711912
3613284841158
3597883094857
3930162798402
3771342124414
4028755633772
3847115404005
3963452783245
3580503067346
3953745460159
3706455079943
3874357125693
3929968481931
3860493660794
3860825712003
3761026803412
3563693635016
3932833735103
3632407069758
3692707814747
3871101328913
3907164368314
3835545656336
3905018288407
3830011756237
3832003284707
3813761673007
3570062885192
3590679571088
3922532760852
3695935323978
3563145132581
3906582435320
3680053199527
3597470397472
3805215020112
3931249321573
3750134437767
3886243245746
3759747941889
3994302329657
3725203660860