3560826203953
3716101557700
3986965941831
3843736898153
3924333163301
3697087951739
3813064463860
3881788548954
3908742961687
3712441912788
3889584868027
3595382881103
3936432644387
3889642578395
3733807115257
3853077754278
3627990767175
3906182317379
3601107679447
3915970348231
3579207932801
3959808455418
3835126827702
3773212549417
3834403011728
3622030558966
3646032021971
3808074942700
4029877554465
3702519089319
3787859927886
3570590472270
3609835223493
3993709648471
3631953201684
3789914990761
3599070915697
3741805207443
3747438598010
3638624021430
3691192234432
3645267680764
3587292790769
3706045728104
3988755706588
3832319050282
3719066284431
3842558856860
3799525532214
3772118181470
3745225772193
3741068098046
3759346872697
3990596499887
3903081968750
3669585377913
3670144982874
3801521951868
3643854829913
3595072076552
3754049835898
3939114858586
4010276228151
3956646231361
3836582098902
3699899062762
3755044096643
3716757727420
3798771258955
3828727741424
3706505577782
3923644257774
3664482969684
3889614774849
3960213673070
3922324971602
3843239170321
3643845490006
4033372508999
3671479828651
3868046519804
3938384464990
3939635918976
4001471512799
3595395571106
3873674881897
3724905387933
3908995104870
4015211354015
3570933441786
3851916654753
4012993401202
3651235771998
3648394972175
3966361706975
3694182727211
3852354503285
3572268496016
3708254595158
3783225928677