3583866774660
3584487784609
3587333182980
3591103423450
3592240022769
3592419020917
3600400593026
3609155521568
3609214749965
3609454049823
3630207698142
3636190451117
3647493481875
3650632912273
3658882407468
3674103933104
3683072017120
3684508598813
3686641723041
3686952963543
3690654683299
3695921244403
3704031714878
3707822020446
3710754850416
3711554764117
3718577613389
3727131765393
3736805827350
3738266229644
3739882975673
3740348707226
3742388348471
3748300401937
3752250258796
3753741577806
3755555705493
3756057986231
3758356707374
3758943189716
3759394402433
3765105630452
3776316501750
3786263080881
3789962181103
3796724739117
3801283940438
3804881565274
3806495643941
3810908137516
3816796968045
3819587168261
3823562713148
3828421532471
3854273772885
3860087918449
3862001489475
3863429775009
3874042170321
3877981040038
3884243566399
3885978835005
3890166231118
3897141187318
3898562145644
3905456584499
3907828013426
3908030465893
3908244232838
3909793513135
3911373037464
3917057314469
3928238301139
3930474706930
3936563437813
3961626671608
3963795689884
3964046292838
3964422777739
3966031279126
3970272717912
3974452880331
3975399721482
3981558730463
3985231085225
3986352295516
3986847480145
3987910616051
3989893160328
3990215108614